Games	% won
1		1.000000
2		1.000000
3		1.000000
4		1.000000
5		0.800000
6		0.833333
7		0.714286
8		0.625000
9		0.666667
10		0.700000
11		0.727273
12		0.750000
13		0.692308
14		0.642857
15		0.666667
16		0.625000
17		0.647059
18		0.666667
19		0.684211
20		0.700000
21		0.666667
22		0.681818
23		0.695652
24		0.708333
25		0.680000
26		0.692308
27		0.703704
28		0.714286
29		0.724138
30		0.733333
31		0.709677
32		0.718750
33		0.727273
34		0.735294
35		0.714286
36		0.722222
37		0.702703
38		0.710526
39		0.692308
40		0.700000
41		0.707317
42		0.714286
43		0.720930
44		0.727273
45		0.711111
46		0.695652
47		0.702128
48		0.708333
49		0.714286
50		0.720000
51		0.725490
52		0.730769
53		0.735849
54		0.740741
55		0.745455
56		0.750000
57		0.754386
58		0.741379
59		0.745763
60		0.750000
61		0.754098
62		0.758065
63		0.761905
64		0.765625
65		0.769231
66		0.772727
67		0.776119
68		0.779412
69		0.782609
70		0.785714
71		0.788732
72		0.791667
73		0.794521
74		0.783784
75		0.786667
76		0.789474
77		0.792208
78		0.794872
79		0.797468
80		0.800000
81		0.802469
82		0.804878
83		0.807229
84		0.809524
85		0.811765
86		0.813953
87		0.816092
88		0.818182
89		0.820225
90		0.811111
91		0.813187
92		0.815217
93		0.817204
94		0.819149
95		0.821053
96		0.822917
97		0.824742
98		0.826531
99		0.828283
100		0.830000
101		0.831683
102		0.833333
103		0.834951
104		0.836538
105		0.828571
106		0.830189
107		0.831776
108		0.833333
109		0.834862
110		0.836364
111		0.837838
112		0.839286
113		0.840708
114		0.842105
115		0.843478
116		0.836207
117		0.837607
118		0.838983
119		0.840336
120		0.841667
121		0.842975
122		0.844262
123		0.845528
124		0.846774
125		0.848000
126		0.849206
127		0.842520
128		0.843750
129		0.844961
130		0.846154
131		0.847328
132		0.848485
133		0.842105
134		0.843284
135		0.844444
136		0.845588
137		0.846715
138		0.847826
139		0.848921
140		0.850000
141		0.851064
142		0.852113
143		0.853147
144		0.854167
145		0.855172
146		0.856164
147		0.857143
148		0.858108
149		0.852349
150		0.853333
151		0.854305
152		0.855263
153		0.856209
154		0.850649
155		0.851613
156		0.852564
157		0.847134
158		0.848101
159		0.849057
160		0.850000
161		0.850932
162		0.851852
163		0.852761
164		0.853659
165		0.848485
166		0.843373
167		0.844311
168		0.845238
169		0.846154
170		0.847059
171		0.847953
172		0.843023
173		0.843931
174		0.839080
175		0.834286
176		0.835227
177		0.836158
178		0.837079
179		0.837989
180		0.833333
181		0.834254
182		0.829670
183		0.830601
184		0.831522
185		0.827027
186		0.827957
187		0.828877
188		0.829787
189		0.830688
190		0.831579
191		0.827225
192		0.828125
193		0.829016
194		0.829897
195		0.825641
196		0.826531
197		0.827411
198		0.828283
199		0.829146
200		0.825000
201		0.825871
202		0.821782
203		0.822660
204		0.823529
205		0.824390
206		0.825243
207		0.826087
208		0.826923
209		0.822967
210		0.823810
211		0.824645
212		0.820755
213		0.821596
214		0.822430
215		0.823256
216		0.824074
217		0.824885
218		0.821101
219		0.821918
220		0.822727
221		0.819005
222		0.819820
223		0.816143
224		0.816964
225		0.817778
226		0.818584
227		0.819383
228		0.820175
229		0.820961
230		0.821739
231		0.822511
232		0.823276
233		0.824034
234		0.820513
235		0.821277
236		0.822034
237		0.822785
238		0.823529
239		0.824268
240		0.825000
241		0.825726
242		0.826446
243		0.827160
244		0.827869
245		0.828571
246		0.829268
247		0.829960
248		0.830645
249		0.827309
250		0.828000
251		0.828685
252		0.829365
253		0.830040
254		0.830709
255		0.831373
256		0.832031
257		0.832685
258		0.833333
259		0.833977
260		0.834615
261		0.835249
262		0.835878
263		0.836502
264		0.837121
265		0.837736
266		0.834586
267		0.835206
268		0.835821
269		0.836431
270		0.837037
271		0.837638
272		0.834559
273		0.835165
274		0.832117
275		0.832727
276		0.833333
277		0.833935
278		0.830935
279		0.827957
280		0.828571
281		0.825623
282		0.826241
283		0.826855
284		0.827465
285		0.828070
286		0.825175
287		0.825784
288		0.822917
289		0.823529
290		0.824138
291		0.824742
292		0.821918
293		0.819113
294		0.819728
295		0.816949
296		0.814189
297		0.814815
298		0.815436
299		0.816054
300		0.816667
301		0.817276
302		0.817881
303		0.818482
304		0.819079
305		0.816393
306		0.813725
307		0.814332
308		0.811688
309		0.812298
310		0.812903
311		0.813505
312		0.810897
313		0.811502
314		0.812102
315		0.809524
316		0.810127
317		0.807571
318		0.808176
319		0.808777
320		0.806250
321		0.806854
322		0.804348
323		0.804954
324		0.805556
325		0.806154
326		0.806748
327		0.807339
328		0.807927
329		0.808511
330		0.809091
331		0.809668
332		0.810241
333		0.810811
334		0.808383
335		0.808955
336		0.809524
337		0.807122
338		0.807692
339		0.805310
340		0.802941
341		0.800587
342		0.801170
343		0.801749
344		0.802326
345		0.800000
346		0.800578
347		0.801153
348		0.798851
349		0.796562
350		0.797143
351		0.794872
352		0.795455
353		0.796034
354		0.793785
355		0.794366
356		0.794944
357		0.795518
358		0.796089
359		0.796657
360		0.797222
361		0.797784
362		0.798343
363		0.798898
364		0.796703
365		0.797260
366		0.797814
367		0.798365
368		0.798913
369		0.799458
370		0.800000
371		0.800539
372		0.801075
373		0.801609
374		0.802139
375		0.800000
376		0.800532
377		0.801061
378		0.798942
379		0.799472
380		0.800000
381		0.800525
382		0.801047
383		0.801567
384		0.802083
385		0.802597
386		0.800518
387		0.801034
388		0.801546
389		0.802057
390		0.802564
391		0.803069
392		0.801020
393		0.798982
394		0.799492
395		0.800000
396		0.800505
397		0.801008
398		0.801508
399		0.802005
400		0.802500
401		0.802993
402		0.803483
403		0.801489
404		0.799505
405		0.800000
406		0.800493
407		0.800983
408		0.799020
409		0.799511
410		0.800000
411		0.800487
412		0.800971
413		0.799031
414		0.797101
415		0.797590
416		0.798077
417		0.798561
418		0.799043
419		0.799523
420		0.800000
421		0.800475
422		0.798578
423		0.799054
424		0.797170
425		0.795294
426		0.795775
427		0.796253
428		0.794393
429		0.794872
430		0.795349
431		0.795824
432		0.796296
433		0.796767
434		0.797235
435		0.797701
436		0.798165
437		0.798627
438		0.799087
439		0.799544
440		0.797727
441		0.795918
442		0.794118
443		0.794582
444		0.795045
445		0.795506
446		0.793722
447		0.794183
448		0.792411
449		0.792873
450		0.791111
451		0.791574
452		0.792035
453		0.790287
454		0.788546
455		0.789011
456		0.789474
457		0.789934
458		0.790393
459		0.788671
460		0.789130
461		0.789588
462		0.790043
463		0.790497
464		0.790948
465		0.791398
466		0.791845
467		0.790150
468		0.790598
469		0.791045
470		0.791489
471		0.791932
472		0.792373
473		0.792812
474		0.793249
475		0.791579
476		0.789916
477		0.790356
478		0.790795
479		0.791232
480		0.791667
481		0.792100
482		0.792531
483		0.792961
484		0.793388
485		0.791753
486		0.792181
487		0.792608
488		0.793033
489		0.793456
490		0.793878
491		0.792261
492		0.792683
493		0.793103
494		0.793522
495		0.793939
496		0.794355
497		0.792757
498		0.791165
499		0.789579
500		0.788000
501		0.788423
502		0.788845
503		0.787276
504		0.787698
505		0.788119
506		0.788538
507		0.788955
508		0.789370
509		0.789784
510		0.788235
511		0.788650
512		0.787109
513		0.785575
514		0.785992
515		0.784466
516		0.782946
517		0.781431
518		0.781853
519		0.782274
520		0.782692
521		0.783109
522		0.783525
523		0.783939
524		0.784351
525		0.784762
526		0.785171
527		0.785579
528		0.785985
529		0.786389
530		0.786792
531		0.787194
532		0.787594
533		0.786116
534		0.786517
535		0.786916
536		0.785448
537		0.785847
538		0.784387
539		0.784787
540		0.783333
541		0.783734
542		0.782288
543		0.782689
544		0.783088
545		0.783486
546		0.783883
547		0.784278
548		0.784672
549		0.785064
550		0.785455
551		0.784029
552		0.784420
553		0.784810
554		0.785199
555		0.785586
556		0.785971
557		0.784560
558		0.784946
559		0.785331
560		0.785714
561		0.786096
562		0.786477
563		0.785080
564		0.785461
565		0.784071
566		0.784452
567		0.784832
568		0.785211
569		0.783831
570		0.784211
571		0.782837
572		0.783217
573		0.783595
574		0.783972
575		0.784348
576		0.784722
577		0.785095
578		0.785467
579		0.785838
580		0.784483
581		0.784854
582		0.785223
583		0.785592
584		0.785959
585		0.786325
586		0.786689
587		0.787053
588		0.787415
589		0.786078
590		0.786441
591		0.786802
592		0.787162
593		0.785835
594		0.784512
595		0.783193
596		0.781879
597		0.782245
598		0.782609
599		0.782972
600		0.783333
601		0.783694
602		0.784053
603		0.784411
604		0.784768
605		0.783471
606		0.782178
607		0.782537
608		0.782895
609		0.783251
610		0.783607
611		0.783961
612		0.784314
613		0.784666
614		0.785016
615		0.785366
616		0.785714
617		0.786062
618		0.786408
619		0.786753
620		0.785484
621		0.785829
622		0.786174
623		0.786517
624		0.785256
625		0.784000
626		0.782748
627		0.783094
628		0.781847
629		0.782194
630		0.782540
631		0.782884
632		0.783228
633		0.783570
634		0.783912
635		0.784252
636		0.784591
637		0.783359
638		0.783699
639		0.784038
640		0.784375
641		0.784711
642		0.785047
643		0.783826
644		0.784161
645		0.782946
646		0.783282
647		0.782071
648		0.782407
649		0.782743
650		0.783077
651		0.781874
652		0.782209
653		0.782542
654		0.782875
655		0.783206
656		0.783537
657		0.783866
658		0.784195
659		0.783005
660		0.783333
661		0.783661
662		0.782477
663		0.782805
664		0.783133
665		0.783459
666		0.783784
667		0.784108
668		0.782934
669		0.783259
670		0.782090
671		0.782414
672		0.782738
673		0.783061
674		0.783383
675		0.782222
676		0.782544
677		0.782866
678		0.783186
679		0.782032
680		0.782353
681		0.782673
682		0.782991
683		0.783309
684		0.783626
685		0.783942
686		0.784257
687		0.784571
688		0.784884
689		0.785196
690		0.785507
691		0.784370
692		0.784682
693		0.784993
694		0.785303
695		0.784173
696		0.784483
697		0.784792
698		0.785100
699		0.785408
700		0.785714
701		0.786020
702		0.786325
703		0.786629
704		0.786932
705		0.787234
706		0.787535
707		0.787836
708		0.788136
709		0.788434
710		0.788732
711		0.789030
712		0.789326
713		0.789621
714		0.789916
715		0.790210
716		0.790503
717		0.790795
718		0.791086
719		0.791377
720		0.791667
721		0.790569
722		0.790859
723		0.791148
724		0.791436
725		0.791724
726		0.792011
727		0.792297
728		0.791209
729		0.791495
730		0.791781
731		0.792066
732		0.792350
733		0.792633
734		0.792916
735		0.791837
736		0.792120
737		0.792402
738		0.792683
739		0.791610
740		0.791892
741		0.790823
742		0.791105
743		0.790040
744		0.790323
745		0.790604
746		0.790885
747		0.789826
748		0.790107
749		0.790387
750		0.790667
751		0.790945
752		0.789894
753		0.790173
754		0.790451
755		0.790728
756		0.791005
757		0.791281
758		0.791557
759		0.791831
760		0.792105
761		0.792378
762		0.791339
763		0.791612
764		0.791885
765		0.792157
766		0.792428
767		0.792699
768		0.792969
769		0.793238
770		0.793506
771		0.793774
772		0.794041
773		0.794308
774		0.794574
775		0.794839
776		0.795103
777		0.794080
778		0.794344
779		0.794608
780		0.794872
781		0.795134
782		0.795396
783		0.795658
784		0.795918
785		0.796178
786		0.796438
787		0.795426
788		0.795685
789		0.795944
790		0.796203
791		0.796460
792		0.796717
793		0.795712
794		0.795970
795		0.796226
796		0.796482
797		0.795483
798		0.795739
799		0.795995
800		0.796250
801		0.796504
802		0.795511
803		0.795766
804		0.796020
805		0.796273
806		0.795285
807		0.795539
808		0.795792
809		0.796044
810		0.796296
811		0.796547
812		0.796798
813		0.795818
814		0.796069
815		0.796319
816		0.796569
817		0.796818
818		0.797066
819		0.797314
820		0.797561
821		0.797808
822		0.798054
823		0.798299
824		0.798544
825		0.798788
826		0.799031
827		0.799274
828		0.799517
829		0.799759
830		0.800000
831		0.800241
832		0.799279
833		0.799520
834		0.799760
835		0.800000
836		0.800239
837		0.799283
838		0.799523
839		0.799762
840		0.800000
841		0.800238
842		0.800475
843		0.800712
844		0.800948
845		0.801183
846		0.801418
847		0.801653
848		0.800708
849		0.800942
850		0.801176
851		0.800235
852		0.800469
853		0.800703
854		0.800937
855		0.801170
856		0.801402
857		0.801634
858		0.801865
859		0.802095
860		0.802326
861		0.802555
862		0.802784
863		0.803013
864		0.803241
865		0.803468
866		0.803695
867		0.802768
868		0.802995
869		0.803222
870		0.803448
871		0.803674
872		0.803899
873		0.802978
874		0.803204
875		0.803429
876		0.803653
877		0.803877
878		0.804100
879		0.804323
880		0.804545
881		0.804767
882		0.804989
883		0.805210
884		0.805430
885		0.805650
886		0.805869
887		0.806088
888		0.806306
889		0.806524
890		0.805618
891		0.805836
892		0.806054
893		0.806271
894		0.805369
895		0.805587
896		0.805804
897		0.806020
898		0.806236
899		0.805339
900		0.805556
901		0.805771
902		0.805987
903		0.806202
904		0.806416
905		0.806630
906		0.806843
907		0.807056
908		0.807269
909		0.807481
910		0.806593
911		0.806806
912		0.807018
913		0.807229
914		0.807440
915		0.807650
916		0.807860
917		0.808070
918		0.808279
919		0.808487
920		0.808696
921		0.808903
922		0.808026
923		0.808234
924		0.808442
925		0.808649
926		0.807775
927		0.806904
928		0.807112
929		0.807320
930		0.807527
931		0.806660
932		0.806867
933		0.807074
934		0.807281
935		0.807487
936		0.807692
937		0.806830
938		0.807036
939		0.806177
940		0.806383
941		0.806589
942		0.806794
943		0.806999
944		0.807203
945		0.807407
946		0.807611
947		0.807814
948		0.808017
949		0.808219
950		0.808421
951		0.807571
952		0.807773
953		0.806925
954		0.807128
955		0.807330
956		0.807531
957		0.807732
958		0.807933
959		0.807091
960		0.807292
961		0.807492
962		0.807692
963		0.807892
964		0.808091
965		0.807254
966		0.807453
967		0.807653
968		0.807851
969		0.808050
970		0.808247
971		0.808445
972		0.807613
973		0.807811
974		0.808008
975		0.807179
976		0.807377
977		0.807574
978		0.807771
979		0.807967
980		0.808163
981		0.807339
982		0.807536
983		0.806714
984		0.806911
985		0.807107
986		0.807302
987		0.807497
988		0.807692
989		0.807887
990		0.808081
991		0.808274
992		0.807460
993		0.807654
994		0.807847
995		0.808040
996		0.808233
997		0.808425
998		0.808617
999		0.807808
1000		0.808000
1001		0.808192
1002		0.808383
1003		0.808574
1004		0.808765
1005		0.808955
1006		0.809145
1007		0.809335
1008		0.809524
1009		0.809713
1010		0.809901
1011		0.810089
1012		0.810277
1013		0.810464
1014		0.810651
1015		0.810837
1016		0.811024
1017		0.811209
1018		0.810413
1019		0.810599
1020		0.810784
1021		0.810970
1022		0.811155
1023		0.811339
1024		0.811523
1025		0.811707
1026		0.811891
1027		0.812074
1028		0.812257
1029		0.812439
1030		0.811650
1031		0.811833
1032		0.812016
1033		0.812197
1034		0.812379
1035		0.812560
1036		0.812741
1037		0.812922
1038		0.813102
1039		0.813282
1040		0.813462
1041		0.813641
1042		0.813820
1043		0.813998
1044		0.814176
1045		0.813397
1046		0.812620
1047		0.812798
1048		0.812977
1049		0.813155
1050		0.813333
1051		0.812559
1052		0.812738
1053		0.812915
1054		0.813093
1055		0.812322
1056		0.812500
1057		0.812677
1058		0.812854
1059		0.813031
1060		0.813208
1061		0.813384
1062		0.813559
1063		0.812794
1064		0.812970
1065		0.813146
1066		0.813321
1067		0.813496
1068		0.813670
1069		0.813845
1070		0.814019
1071		0.814192
1072		0.813433
1073		0.812675
1074		0.812849
1075		0.812093
1076		0.812268
1077		0.812442
1078		0.811688
1079		0.811863
1080		0.812037
1081		0.812211
1082		0.812384
1083		0.812558
1084		0.812731
1085		0.812903
1086		0.812155
1087		0.812328
1088		0.812500
1089		0.812672
1090		0.812844
1091		0.813016
1092		0.812271
1093		0.811528
1094		0.811700
1095		0.811872
1096		0.811131
1097		0.811304
1098		0.811475
1099		0.811647
1100		0.811818
1101		0.811081
1102		0.811252
1103		0.811423
1104		0.811594
1105		0.810860
1106		0.811031
1107		0.811201
1108		0.811372
1109		0.811542
1110		0.810811
1111		0.810981
1112		0.811151
1113		0.811321
1114		0.811490
1115		0.811659
1116		0.811828
1117		0.811996
1118		0.812165
1119		0.812332
1120		0.812500
1121		0.812667
1122		0.812834
1123		0.813001
1124		0.812278
1125		0.811556
1126		0.811723
1127		0.811890
1128		0.812057
1129		0.812223
1130		0.812389
1131		0.812555
1132		0.812721
1133		0.812004
1134		0.812169
1135		0.812335
1136		0.811620
1137		0.811785
1138		0.811951
1139		0.811238
1140		0.811404
1141		0.811569
1142		0.811734
1143		0.811024
1144		0.811189
1145		0.811354
1146		0.811518
1147		0.811683
1148		0.811847
1149		0.811140
1150		0.811304
1151		0.810599
1152		0.809896
1153		0.810061
1154		0.810225
1155		0.810390
1156		0.810554
1157		0.809853
1158		0.810017
1159		0.810181
1160		0.810345
1161		0.810508
1162		0.810671
1163		0.810834
1164		0.810997
1165		0.811159
1166		0.811321
1167		0.810626
1168		0.809932
1169		0.810094
1170		0.809402
1171		0.809564
1172		0.809727
1173		0.809037
1174		0.809199
1175		0.809362
1176		0.809524
1177		0.809686
1178		0.809847
1179		0.810008
1180		0.810169
1181		0.810330
1182		0.810491
1183		0.810651
1184		0.810811
1185		0.810970
1186		0.811130
1187		0.811289
1188		0.811448
1189		0.811606
1190		0.810924
1191		0.811083
1192		0.811242
1193		0.811400
1194		0.811558
1195		0.811715
1196		0.811873
1197		0.812030
1198		0.812187
1199		0.812344
1200		0.812500
1201		0.811823
1202		0.811980
1203		0.812136
1204		0.812292
1205		0.811618
1206		0.810945
1207		0.811102
1208		0.811258
1209		0.811414
1210		0.811570
1211		0.811726
1212		0.811881
1213		0.812036
1214		0.812191
1215		0.811523
1216		0.811678
1217		0.811832
1218		0.811987
1219		0.812141
1220		0.812295
1221		0.812449
1222		0.812602
1223		0.811938
1224		0.812092
1225		0.812245
1226		0.811582
1227		0.811736
1228		0.811075
1229		0.810415
1230		0.809756
1231		0.809911
1232		0.810065
1233		0.810219
1234		0.809562
1235		0.809717
1236		0.809871
1237		0.810024
1238		0.810178
1239		0.810331
1240		0.810484
1241		0.810637
1242		0.809984
1243		0.810137
1244		0.809486
1245		0.809639
1246		0.809791
1247		0.809944
1248		0.810096
1249		0.810248
1250		0.810400
1251		0.809752
1252		0.809904
1253		0.810056
1254		0.810207
1255		0.810359
1256		0.809713
1257		0.809865
1258		0.810016
1259		0.810167
1260		0.810317
1261		0.809675
1262		0.809826
1263		0.809976
1264		0.809335
1265		0.809486
1266		0.809637
1267		0.809787
1268		0.809937
1269		0.810087
1270		0.810236
1271		0.809599
1272		0.809748
1273		0.809898
1274		0.809262
1275		0.809412
1276		0.809561
1277		0.809710
1278		0.809859
1279		0.810008
1280		0.810156
1281		0.810304
1282		0.810452
1283		0.810600
1284		0.810748
1285		0.810117
1286		0.810264
1287		0.810412
1288		0.810559
1289		0.809930
1290		0.810078
1291		0.810225
1292		0.810372
1293		0.810518
1294		0.810665
1295		0.810811
1296		0.810957
1297		0.811103
1298		0.811248
1299		0.811393
1300		0.811538
1301		0.811683
1302		0.811828
1303		0.811205
1304		0.811350
1305		0.811494
1306		0.811639
1307		0.811783
1308		0.811162
1309		0.811306
1310		0.811450
1311		0.811594
1312		0.810976
1313		0.811120
1314		0.810502
1315		0.809886
1316		0.810030
1317		0.810175
1318		0.810319
1319		0.810462
1320		0.810606
1321		0.809992
1322		0.810136
1323		0.810280
1324		0.810423
1325		0.810566
1326		0.810709
1327		0.810852
1328		0.810994
1329		0.810384
1330		0.810526
1331		0.809917
1332		0.809309
1333		0.809452
1334		0.809595
1335		0.809738
1336		0.809880
1337		0.810022
1338		0.810164
1339		0.810306
1340		0.810448
1341		0.810589
1342		0.810730
1343		0.810871
1344		0.811012
1345		0.810409
1346		0.810550
1347		0.810690
1348		0.810831
1349		0.810971
1350		0.811111
1351		0.811251
1352		0.811391
1353		0.811530
1354		0.811669
1355		0.811808
1356		0.811947
1357		0.811349
1358		0.811487
1359		0.811626
1360		0.811765
1361		0.811903
1362		0.812041
1363		0.812179
1364		0.812317
1365		0.812454
1366		0.812592
1367		0.812729
1368		0.812865
1369		0.813002
1370		0.813139
1371		0.812546
1372		0.812682
1373		0.812819
1374		0.812955
1375		0.812364
1376		0.812500
1377		0.812636
1378		0.812772
1379		0.812183
1380		0.811594
1381		0.811731
1382		0.811143
1383		0.810557
1384		0.810694
1385		0.810830
1386		0.810245
1387		0.810382
1388		0.810519
1389		0.810655
1390		0.810791
1391		0.810208
1392		0.810345
1393		0.810481
1394		0.810617
1395		0.810753
1396		0.810172
1397		0.810308
1398		0.810443
1399		0.810579
1400		0.810714
1401		0.810849
1402		0.810984
1403		0.811119
1404		0.811254
1405		0.810676
1406		0.810811
1407		0.810945
1408		0.811080
1409		0.811214
1410		0.811348
1411		0.811481
1412		0.811615
1413		0.811748
1414		0.811881
1415		0.812014
1416		0.812147
1417		0.811574
1418		0.811707
1419		0.811839
1420		0.811268
1421		0.811400
1422		0.810830
1423		0.810963
1424		0.811096
1425		0.811228
1426		0.811360
1427		0.811493
1428		0.811625
1429		0.811756
1430		0.811888
1431		0.811321
1432		0.810754
1433		0.810886
1434		0.811018
1435		0.811150
1436		0.810585
1437		0.810717
1438		0.810848
1439		0.810980
1440		0.811111
1441		0.811242
1442		0.811373
1443		0.811504
1444		0.811634
1445		0.811073
1446		0.811203
1447		0.811334
1448		0.811464
1449		0.811594
1450		0.811724
1451		0.811854
1452		0.811983
1453		0.812113
1454		0.811554
1455		0.811684
1456		0.811813
1457		0.811256
1458		0.810700
1459		0.810829
1460		0.810959
1461		0.810404
1462		0.810534
1463		0.809979
1464		0.810109
1465		0.810239
1466		0.810368
1467		0.810498
1468		0.810627
1469		0.810756
1470		0.810204
1471		0.810333
1472		0.809783
1473		0.809912
1474		0.809362
1475		0.809492
1476		0.809621
1477		0.809749
1478		0.809878
1479		0.810007
1480		0.809459
1481		0.809588
1482		0.809717
1483		0.809845
1484		0.809973
1485		0.810101
1486		0.810229
1487		0.810356
1488		0.809812
1489		0.809268
1490		0.809396
1491		0.809524
1492		0.809651
1493		0.809779
1494		0.809906
1495		0.810033
1496		0.810160
1497		0.810287
1498		0.810414
1499		0.809873
1500		0.810000
1501		0.810127
1502		0.810253
1503		0.810379
1504		0.810505
1505		0.810631
1506		0.810757
1507		0.810883
1508		0.811008
1509		0.811133
1510		0.811258
1511		0.811383
1512		0.811508
1513		0.811633
1514		0.811757
1515		0.811881
1516		0.812005
1517		0.811470
1518		0.810935
1519		0.811060
1520		0.811184
1521		0.811308
1522		0.810775
1523		0.810900
1524		0.810367
1525		0.810492
1526		0.809961
1527		0.810085
1528		0.810209
1529		0.809680
1530		0.809804
1531		0.809928
1532		0.809399
1533		0.809524
1534		0.809648
1535		0.809772
1536		0.809896
1537		0.810020
1538		0.810143
1539		0.809617
1540		0.809740
1541		0.809864
1542		0.809987
1543		0.810110
1544		0.810233
1545		0.810356
1546		0.810479
1547		0.810601
1548		0.810078
1549		0.810200
1550		0.810323
1551		0.809800
1552		0.809923
1553		0.810045
1554		0.810167
1555		0.810289
1556		0.810411
1557		0.810533
1558		0.810655
1559		0.810776
1560		0.810897
1561		0.811019
1562		0.811140
1563		0.810621
1564		0.810742
1565		0.810863
1566		0.810345
1567		0.810466
1568		0.810587
1569		0.810070
1570		0.810191
1571		0.810312
1572		0.809796
1573		0.809917
1574		0.810038
1575		0.809524
1576		0.809645
1577		0.809765
1578		0.809886
1579		0.810006
1580		0.810127
1581		0.810247
1582		0.810367
1583		0.809855
1584		0.809343
1585		0.809464
1586		0.809584
1587		0.809704
1588		0.809824
1589		0.809943
1590		0.810063
1591		0.810182
1592		0.809673
1593		0.809793
1594		0.809912
1595		0.810031
1596		0.810150
1597		0.810269
1598		0.810388
1599		0.809881
1600		0.810000
1601		0.810119
1602		0.810237
1603		0.810356
1604		0.810474
1605		0.809969
1606		0.809465
1607		0.808961
1608		0.809080
1609		0.809198
1610		0.809317
1611		0.809435
1612		0.809553
1613		0.809671
1614		0.809789
1615		0.809288
1616		0.809406
1617		0.809524
1618		0.809642
1619		0.809759
1620		0.809877
1621		0.809994
1622		0.810111
1623		0.810228
1624		0.809729
1625		0.809846
1626		0.809963
1627		0.810080
1628		0.810197
1629		0.810313
1630		0.810429
1631		0.810546
1632		0.810662
1633		0.810778
1634		0.810894
1635		0.811009
1636		0.811125
1637		0.811240
1638		0.811355
1639		0.811470
1640		0.811585
1641		0.811700
1642		0.811815
1643		0.811929
1644		0.812044
1645		0.812158
1646		0.812272
1647		0.812386
1648		0.812500
1649		0.812614
1650		0.812727
1651		0.812841
1652		0.812954
1653		0.813067
1654		0.813180
1655		0.813293
1656		0.812802
1657		0.812915
1658		0.813028
1659		0.813140
1660		0.813253
1661		0.813365
1662		0.813478
1663		0.813590
1664		0.813702
1665		0.813814
1666		0.813926
1667		0.813437
1668		0.813549
1669		0.813661
1670		0.813772
1671		0.813285
1672		0.813397
1673		0.813509
1674		0.813023
1675		0.813134
1676		0.813246
1677		0.812761
1678		0.812277
1679		0.812388
1680		0.812500
1681		0.812612
1682		0.812723
1683		0.812834
1684		0.812945
1685		0.813056
1686		0.812574
1687		0.812092
1688		0.812204
1689		0.812315
1690		0.812426
1691		0.812537
1692		0.812648
1693		0.812168
1694		0.812279
1695		0.812389
1696		0.812500
1697		0.812610
1698		0.812132
1699		0.811654
1700		0.811176
1701		0.811287
1702		0.810811
1703		0.810335
1704		0.809859
1705		0.809971
1706		0.810082
1707		0.810193
1708		0.810304
1709		0.810415
1710		0.810526
1711		0.810053
1712		0.809579
1713		0.809691
1714		0.809802
1715		0.809913
1716		0.809441
1717		0.809552
1718		0.809080
1719		0.809191
1720		0.809302
1721		0.809413
1722		0.809524
1723		0.809634
1724		0.809745
1725		0.809855
1726		0.809965
1727		0.810075
1728		0.810185
1729		0.810295
1730		0.810405
1731		0.810514
1732		0.810624
1733		0.810733
1734		0.810265
1735		0.809798
1736		0.809908
1737		0.810017
1738		0.810127
1739		0.810236
1740		0.810345
1741		0.810454
1742		0.810563
1743		0.810671
1744		0.810780
1745		0.810888
1746		0.810997
1747		0.811105
1748		0.811213
1749		0.811321
1750		0.811429
1751		0.811536
1752		0.811644
1753		0.811751
1754		0.811859
1755		0.811966
1756		0.812073
1757		0.812180
1758		0.812287
1759		0.812393
1760		0.812500
1761		0.812039
1762		0.812145
1763		0.812252
1764		0.812358
1765		0.812465
1766		0.812005
1767		0.812111
1768		0.812217
1769		0.811758
1770		0.811864
1771		0.811971
1772		0.812077
1773		0.812183
1774		0.812289
1775		0.812394
1776		0.812500
1777		0.812043
1778		0.811586
1779		0.811130
1780		0.811236
1781		0.811342
1782		0.811448
1783		0.811554
1784		0.811099
1785		0.811204
1786		0.810750
1787		0.810856
1788		0.810962
1789		0.811068
1790		0.811173
1791		0.811279
1792		0.811384
1793		0.811489
1794		0.811594
1795		0.811142
1796		0.811247
1797		0.811352
1798		0.811457
1799		0.811562
1800		0.811667
1801		0.811216
1802		0.811321
1803		0.811425
1804		0.811530
1805		0.811634
1806		0.811739
1807		0.811843
1808		0.811947
1809		0.812051
1810		0.811602
1811		0.811154
1812		0.810706
1813		0.810259
1814		0.810364
1815		0.810468
1816		0.810022
1817		0.810127
1818		0.810231
1819		0.810335
1820		0.810440
1821		0.810544
1822		0.810648
1823		0.810203
1824		0.809759
1825		0.809315
1826		0.809419
1827		0.809524
1828		0.809628
1829		0.809732
1830		0.809836
1831		0.809394
1832		0.809498
1833		0.809602
1834		0.809706
1835		0.809809
1836		0.809913
1837		0.810016
1838		0.810120
1839		0.809679
1840		0.809783
1841		0.809886
1842		0.809446
1843		0.809550
1844		0.809653
1845		0.809756
1846		0.809317
1847		0.809421
1848		0.809524
1849		0.809086
1850		0.809189
1851		0.809292
1852		0.809395
1853		0.809498
1854		0.809601
1855		0.809164
1856		0.809267
1857		0.809370
1858		0.808934
1859		0.809037
1860		0.809140
1861		0.809242
1862		0.809345
1863		0.809447
1864		0.809549
1865		0.809651
1866		0.809753
1867		0.809855
1868		0.809957
1869		0.810059
1870		0.810160
1871		0.810262
1872		0.810363
1873		0.809931
1874		0.809498
1875		0.809067
1876		0.808635
1877		0.808737
1878		0.808839
1879		0.808941
1880		0.809043
1881		0.809144
1882		0.809245
1883		0.809347
1884		0.808917
1885		0.809019
1886		0.809120
1887		0.809221
1888		0.809322
1889		0.808894
1890		0.808995
1891		0.809096
1892		0.809197
1893		0.808769
1894		0.808870
1895		0.808443
1896		0.808544
1897		0.808118
1898		0.807692
1899		0.807794
1900		0.807895
1901		0.807996
1902		0.807571
1903		0.807672
1904		0.807773
1905		0.807874
1906		0.807975
1907		0.808076
1908		0.808176
1909		0.808277
1910		0.808377
1911		0.808477
1912		0.808577
1913		0.808677
1914		0.808777
1915		0.808877
1916		0.808977
1917		0.809077
1918		0.808655
1919		0.808233
1920		0.808333
1921		0.808433
1922		0.808533
1923		0.808632
1924		0.808732
1925		0.808831
1926		0.808930
1927		0.808511
1928		0.808610
1929		0.808709
1930		0.808808
1931		0.808907
1932		0.809006
1933		0.808588
1934		0.808687
1935		0.808786
1936		0.808884
1937		0.808983
1938		0.809082
1939		0.809180
1940		0.809278
1941		0.809377
1942		0.809475
1943		0.809573
1944		0.809671
1945		0.809769
1946		0.809866
1947		0.809964
1948		0.810062
1949		0.810159
1950		0.809744
1951		0.809841
1952		0.809939
1953		0.810036
1954		0.809621
1955		0.809207
1956		0.809305
1957		0.809402
1958		0.809499
1959		0.809597
1960		0.809694
1961		0.809791
1962		0.809888
1963		0.809985
1964		0.810081
1965		0.810178
1966		0.809766
1967		0.809863
1968		0.809959
1969		0.810056
1970		0.810152
1971		0.810249
1972		0.810345
1973		0.810441
1974		0.810537
1975		0.810633
1976		0.810729
1977		0.810824
1978		0.810920
1979		0.811016
1980		0.811111
1981		0.811206
1982		0.811302
1983		0.811397
1984		0.810988
1985		0.811083
1986		0.811178
1987		0.810770
1988		0.810865
1989		0.810960
1990		0.811055
1991		0.811150
1992		0.811245
1993		0.811340
1994		0.811434
1995		0.811529
1996		0.811122
1997		0.811217
1998		0.811311
1999		0.810905
2000		0.810500
2001		0.810595
2002		0.810689
2003		0.810285
2004		0.810379
2005		0.810474
2006		0.810568
2007		0.810663
2008		0.810757
2009		0.810851
2010		0.810945
2011		0.811039
2012		0.811133
2013		0.811227
2014		0.811321
2015		0.811414
2016		0.811508
2017		0.811601
2018		0.811695
2019		0.811788
2020		0.811881
2021		0.811974
2022		0.812067
2023		0.812160
2024		0.812253
2025		0.811852
2026		0.811945
2027		0.812037
2028		0.812130
2029		0.812223
2030		0.811823
2031		0.811423
2032		0.811516
2033		0.811608
2034		0.811701
2035		0.811302
2036		0.811395
2037		0.811487
2038		0.811580
2039		0.811672
2040		0.811275
2041		0.811367
2042		0.811459
2043		0.811552
2044		0.811644
2045		0.811736
2046		0.811828
2047		0.811920
2048		0.812012
2049		0.812103
2050		0.812195
2051		0.812287
2052		0.812378
2053		0.812470
2054		0.812561
2055		0.812652
2056		0.812743
2057		0.812834
2058		0.812925
2059		0.813016
2060		0.813107
2061		0.813197
2062		0.813288
2063		0.813379
2064		0.812984
2065		0.812591
2066		0.812682
2067		0.812772
2068		0.812863
2069		0.812470
2070		0.812560
2071		0.812651
2072		0.812259
2073		0.812349
2074		0.811958
2075		0.812048
2076		0.812139
2077		0.812229
2078		0.812320
2079		0.812410
2080		0.812500
2081		0.812590
2082		0.812680
2083		0.812770
2084		0.812860
2085		0.812950
2086		0.813039
2087		0.813129
2088		0.813218
2089		0.813308
2090		0.813397
2091		0.813486
2092		0.813576
2093		0.813665
2094		0.813754
2095		0.813842
2096		0.813931
2097		0.813543
2098		0.813632
2099		0.813721
2100		0.813810
2101		0.813898
2102		0.813987
2103		0.814075
2104		0.814163
2105		0.813777
2106		0.813865
2107		0.813479
2108		0.813567
2109		0.813182
2110		0.812796
2111		0.812885
2112		0.812973
2113		0.813062
2114		0.813150
2115		0.813239
2116		0.813327
2117		0.813415
2118		0.813503
2119		0.813119
2120		0.813208
2121		0.813296
2122		0.813384
2123		0.813472
2124		0.813089
2125		0.813176
2126		0.813264
2127		0.813352
2128		0.813440
2129		0.813527
2130		0.813615
2131		0.813702
2132		0.813790
2133		0.813408
2134		0.813496
2135		0.813583
2136		0.813670
2137		0.813758
2138		0.813845
2139		0.813932
2140		0.813551
2141		0.813638
2142		0.813259
2143		0.813346
2144		0.812966
2145		0.813054
2146		0.812675
2147		0.812296
2148		0.811918
2149		0.812006
2150		0.812093
2151		0.811715
2152		0.811803
2153		0.811890
2154		0.811978
2155		0.812065
2156		0.812152
2157		0.812239
2158		0.812326
2159		0.812413
2160		0.812500
2161		0.812587
2162		0.812673
2163		0.812298
2164		0.812384
2165		0.812471
2166		0.812558
2167		0.812644
2168		0.812731
2169		0.812356
2170		0.812442
2171		0.812529
2172		0.812615
2173		0.812701
2174		0.812787
2175		0.812414
2176		0.812500
2177		0.812586
2178		0.812672
2179		0.812299
2180		0.812385
2181		0.812013
2182		0.812099
2183		0.812185
2184		0.812271
2185		0.812357
2186		0.812443
2187		0.812529
2188		0.812614
2189		0.812700
2190		0.812785
2191		0.812871
2192		0.812956
2193		0.813041
2194		0.813127
2195		0.813212
2196		0.813297
2197		0.813382
2198		0.813012
2199		0.813097
2200		0.812727
2201		0.812812
2202		0.812897
2203		0.812982
2204		0.813067
2205		0.813152
2206		0.813237
2207		0.813321
2208		0.813406
2209		0.813490
2210		0.813575
2211		0.813659
2212		0.813743
2213		0.813827
2214		0.813911
2215		0.813544
2216		0.813628
2217		0.813712
2218		0.813796
2219		0.813880
2220		0.813964
2221		0.814048
2222		0.813681
2223		0.813765
2224		0.813849
2225		0.813933
2226		0.814016
2227		0.813651
2228		0.813285
2229		0.813369
2230		0.813453
2231		0.813537
2232		0.813620
2233		0.813704
2234		0.813787
2235		0.813423
2236		0.813059
2237		0.812696
2238		0.812779
2239		0.812863
2240		0.812500
2241		0.812584
2242		0.812667
2243		0.812751
2244		0.812834
2245		0.812918
2246		0.813001
2247		0.813084
2248		0.813167
2249		0.813250
2250		0.812889
2251		0.812528
2252		0.812611
2253		0.812694
2254		0.812777
2255		0.812860
2256		0.812943
2257		0.813026
2258		0.812666
2259		0.812749
2260		0.812832
2261		0.812915
2262		0.812997
2263		0.813080
2264		0.813163
2265		0.812804
2266		0.812886
2267		0.812969
2268		0.813051
2269		0.812693
2270		0.812775
2271		0.812417
2272		0.812500
2273		0.812143
2274		0.812225
2275		0.812308
2276		0.812390
2277		0.812473
2278		0.812555
2279		0.812198
2280		0.812281
2281		0.812363
2282		0.812445
2283		0.812089
2284		0.812172
2285		0.811816
2286		0.811899
2287		0.811981
2288		0.812063
2289		0.812145
2290		0.812227
2291		0.811873
2292		0.811955
2293		0.811601
2294		0.811683
2295		0.811765
2296		0.811847
2297		0.811929
2298		0.812010
2299		0.812092
2300		0.811739
2301		0.811821
2302		0.811903
2303		0.811984
2304		0.812066
2305		0.812148
2306		0.812229
2307		0.812310
2308		0.811958
2309		0.812040
2310		0.812121
2311		0.812203
2312		0.812284
2313		0.812365
2314		0.812446
2315		0.812527
2316		0.812608
2317		0.812689
2318		0.812770
2319		0.812850
2320		0.812931
2321		0.813012
2322		0.813092
2323		0.812742
2324		0.812823
2325		0.812903
2326		0.812984
2327		0.813064
2328		0.813144
2329		0.812795
2330		0.812876
2331		0.812956
2332		0.813036
2333		0.813116
2334		0.813196
2335		0.813276
2336		0.813356
2337		0.813436
2338		0.813516
2339		0.813596
2340		0.813675
2341		0.813755
2342		0.813834
2343		0.813914
2344		0.813993
2345		0.813646
2346		0.813725
2347		0.813805
2348		0.813884
2349		0.813963
2350		0.814043
2351		0.814122
2352		0.814201
2353		0.814280
2354		0.814359
2355		0.814013
2356		0.814092
2357		0.814171
2358		0.814249
2359		0.814328
2360		0.814407
2361		0.814485
2362		0.814564
2363		0.814642
2364		0.814721
2365		0.814799
2366		0.814877
2367		0.814956
2368		0.815034
2369		0.815112
2370		0.815190
2371		0.815268
2372		0.815346
2373		0.815002
2374		0.815080
2375		0.815158
2376		0.815236
2377		0.815313
2378		0.815391
2379		0.815469
2380		0.815546
2381		0.815624
2382		0.815701
2383		0.815359
2384		0.815436
2385		0.815514
2386		0.815591
2387		0.815668
2388		0.815745
2389		0.815823
2390		0.815481
2391		0.815558
2392		0.815635
2393		0.815712
2394		0.815789
2395		0.815866
2396		0.815943
2397		0.816020
2398		0.816097
2399		0.816173
2400		0.816250
2401		0.816327
2402		0.816403
2403		0.816479
2404		0.816140
2405		0.816216
2406		0.816293
2407		0.816369
2408		0.816030
2409		0.816106
2410		0.816183
2411		0.816259
2412		0.816335
2413		0.816411
2414		0.816073
2415		0.815735
2416		0.815811
2417		0.815887
2418		0.815964
2419		0.816040
2420		0.816116
2421		0.816192
2422		0.816268
2423		0.816343
2424		0.816419
2425		0.816495
2426		0.816570
2427		0.816646
2428		0.816722
2429		0.816797
2430		0.816872
2431		0.816948
2432		0.817023
2433		0.817098
2434		0.817173
2435		0.817248
2436		0.817323
2437		0.817398
2438		0.817473
2439		0.817138
2440		0.817213
2441		0.816878
2442		0.816953
2443		0.817028
2444		0.817103
2445		0.817178
2446		0.816844
2447		0.816919
2448		0.816585
2449		0.816660
2450		0.816735
2451		0.816401
2452		0.816476
2453		0.816551
2454		0.816626
2455		0.816701
2456		0.816775
2457		0.816850
2458		0.816924
2459		0.816999
2460		0.816667
2461		0.816335
2462		0.816409
2463		0.816484
2464		0.816153
2465		0.816227
2466		0.816302
2467		0.816376
2468		0.816451
2469		0.816525
2470		0.816599
2471		0.816673
2472		0.816343
2473		0.816013
2474		0.816087
2475		0.816162
2476		0.815832
2477		0.815906
2478		0.815981
2479		0.816055
2480		0.816129
2481		0.816203
2482		0.815874
2483		0.815948
2484		0.816023
2485		0.816097
2486		0.816171
2487		0.816244
2488		0.815916
2489		0.815990
2490		0.816064
2491		0.816138
2492		0.815811
2493		0.815884
2494		0.815958
2495		0.816032
2496		0.815705
2497		0.815779
2498		0.815452
2499		0.815526
2500		0.815600
2501		0.815674
2502		0.815348
2503		0.815421
2504		0.815495
2505		0.815170
2506		0.815243
2507		0.815317
2508		0.814992
2509		0.815066
2510		0.815139
2511		0.815213
2512		0.815287
2513		0.815360
2514		0.815434
2515		0.815507
2516		0.815580
2517		0.815654
2518		0.815727
2519		0.815800
2520		0.815873
2521		0.815946
2522		0.816019
2523		0.816092
2524		0.815769
2525		0.815446
2526		0.815519
2527		0.815592
2528		0.815665
2529		0.815737
2530		0.815810
2531		0.815488
2532		0.815561
2533		0.815634
2534		0.815706
2535		0.815779
2536		0.815852
2537		0.815924
2538		0.815997
2539		0.816069
2540		0.815748
2541		0.815821
2542		0.815893
2543		0.815965
2544		0.816038
2545		0.816110
2546		0.816182
2547		0.815862
2548		0.815934
2549		0.816006
2550		0.816078
2551		0.816151
2552		0.816223
2553		0.816295
2554		0.816366
2555		0.816047
2556		0.816119
2557		0.816191
2558		0.816263
2559		0.816335
2560		0.816406
2561		0.816478
2562		0.816159
2563		0.816231
2564		0.816303
2565		0.816374
2566		0.816446
2567		0.816517
2568		0.816589
2569		0.816660
2570		0.816732
2571		0.816803
2572		0.816874
2573		0.816945
2574		0.817016
2575		0.817087
2576		0.817158
2577		0.817229
2578		0.816912
2579		0.816596
2580		0.816667
2581		0.816738
2582		0.816809
2583		0.816880
2584		0.816950
2585		0.817021
2586		0.817092
2587		0.817163
2588		0.817233
2589		0.817304
2590		0.816988
2591		0.817059
2592		0.817130
2593		0.816815
2594		0.816885
2595		0.816956
2596		0.816641
2597		0.816712
2598		0.816782
2599		0.816853
2600		0.816538
2601		0.816609
2602		0.816679
2603		0.816750
2604		0.816820
2605		0.816507
2606		0.816577
2607		0.816264
2608		0.816334
2609		0.816021
2610		0.816092
2611		0.816162
2612		0.816233
2613		0.816303
2614		0.816373
2615		0.816444
2616		0.816514
2617		0.816584
2618		0.816654
2619		0.816724
2620		0.816794
2621		0.816864
2622		0.816552
2623		0.816622
2624		0.816692
2625		0.816381
2626		0.816451
2627		0.816140
2628		0.815830
2629		0.815900
2630		0.815970
2631		0.816040
2632		0.816109
2633		0.816179
2634		0.816249
2635		0.815939
2636		0.816009
2637		0.815700
2638		0.815390
2639		0.815081
2640		0.814773
2641		0.814843
2642		0.814913
2643		0.814983
2644		0.815053
2645		0.814745
2646		0.814815
2647		0.814885
2648		0.814955
2649		0.815025
2650		0.815094
2651		0.815164
2652		0.815234
2653		0.815303
2654		0.814996
2655		0.814689
2656		0.814759
2657		0.814829
2658		0.814898
2659		0.814968
2660		0.815038
2661		0.815107
2662		0.814801
2663		0.814870
2664		0.814940
2665		0.815009
2666		0.815079
2667		0.815148
2668		0.815217
2669		0.815287
2670		0.814981
2671		0.814676
2672		0.814746
2673		0.814815
2674		0.814884
2675		0.814953
2676		0.815022
2677		0.815092
2678		0.815161
2679		0.815230
2680		0.815299
2681		0.815367
2682		0.815436
2683		0.815505
2684		0.815574
2685		0.815642
2686		0.815711
2687		0.815408
2688		0.815104
2689		0.814801
2690		0.814870
2691		0.814939
2692		0.814636
2693		0.814333
2694		0.814402
2695		0.814471
2696		0.814540
2697		0.814609
2698		0.814678
2699		0.814746
2700		0.814444
2701		0.814143
2702		0.814212
2703		0.814280
2704		0.814349
2705		0.814418
2706		0.814486
2707		0.814185
2708		0.814254
2709		0.814323
2710		0.814022
2711		0.813722
2712		0.813791
2713		0.813491
2714		0.813559
2715		0.813628
2716		0.813328
2717		0.813397
2718		0.813098
2719		0.813167
2720		0.813235
2721		0.813304
2722		0.813373
2723		0.813441
2724		0.813510
2725		0.813578
2726		0.813646
2727		0.813715
2728		0.813783
2729		0.813851
2730		0.813919
2731		0.813988
2732		0.814056
2733		0.813758
2734		0.813826
2735		0.813894
2736		0.813962
2737		0.814030
2738		0.814098
2739		0.814166
2740		0.814234
2741		0.814301
2742		0.814004
2743		0.814072
2744		0.814140
2745		0.814208
2746		0.814275
2747		0.814343
2748		0.814410
2749		0.814478
2750		0.814182
2751		0.814249
2752		0.814317
2753		0.814384
2754		0.814452
2755		0.814519
2756		0.814586
2757		0.814291
2758		0.814358
2759		0.814426
2760		0.814493
2761		0.814560
2762		0.814265
2763		0.814332
2764		0.814399
2765		0.814467
2766		0.814534
2767		0.814601
2768		0.814668
2769		0.814735
2770		0.814801
2771		0.814868
2772		0.814935
2773		0.815002
2774		0.815068
2775		0.815135
2776		0.815202
2777		0.815268
2778		0.815335
2779		0.815401
2780		0.815468
2781		0.815534
2782		0.815600
2783		0.815667
2784		0.815733
2785		0.815440
2786		0.815147
2787		0.815213
2788		0.815280
2789		0.815346
2790		0.815412
2791		0.815478
2792		0.815544
2793		0.815610
2794		0.815676
2795		0.815742
2796		0.815808
2797		0.815874
2798		0.815940
2799		0.816006
2800		0.816071
2801		0.816137
2802		0.816203
2803		0.816268
2804		0.816334
2805		0.816399
2806		0.816465
2807		0.816530
2808		0.816595
2809		0.816661
2810		0.816726
2811		0.816791
2812		0.816856
2813		0.816566
2814		0.816276
2815		0.816341
2816		0.816406
2817		0.816471
2818		0.816537
2819		0.816247
2820		0.815957
2821		0.816023
2822		0.816088
2823		0.816153
2824		0.816218
2825		0.815929
2826		0.815994
2827		0.816059
2828		0.816124
2829		0.816189
2830		0.816254
2831		0.816319
2832		0.816384
2833		0.816449
2834		0.816514
2835		0.816578
2836		0.816643
2837		0.816708
2838		0.816420
2839		0.816485
2840		0.816549
2841		0.816614
2842		0.816678
2843		0.816391
2844		0.816104
2845		0.816169
2846		0.816233
2847		0.816298
2848		0.816011
2849		0.815725
2850		0.815789
2851		0.815854
2852		0.815919
2853		0.815983
2854		0.816048
2855		0.816112
2856		0.816176
2857		0.815891
2858		0.815955
2859		0.816020
2860		0.815734
2861		0.815449
2862		0.815514
2863		0.815578
2864		0.815642
2865		0.815707
2866		0.815771
2867		0.815835
2868		0.815900
2869		0.815964
2870		0.816028
2871		0.815744
2872		0.815808
2873		0.815524
2874		0.815240
2875		0.814957
2876		0.815021
2877		0.815085
2878		0.815149
2879		0.815214
2880		0.815278
2881		0.815342
2882		0.815406
2883		0.815470
2884		0.815187
2885		0.815251
2886		0.815315
2887		0.815379
2888		0.815443
2889		0.815507
2890		0.815571
2891		0.815289
2892		0.815353
2893		0.815417
2894		0.815135
2895		0.815199
2896		0.814917
2897		0.814981
2898		0.815045
2899		0.815109
2900		0.815172
2901		0.814891
2902		0.814955
2903		0.815019
2904		0.815083
2905		0.815146
2906		0.815210
2907		0.815273
2908		0.814993
2909		0.815057
2910		0.815120
2911		0.815184
2912		0.815247
2913		0.815311
2914		0.815374
2915		0.815437
2916		0.815501
2917		0.815564
2918		0.815627
2919		0.815690
2920		0.815753
2921		0.815817
2922		0.815537
2923		0.815600
2924		0.815663
2925		0.815726
2926		0.815789
2927		0.815852
2928		0.815915
2929		0.815637
2930		0.815700
2931		0.815763
2932		0.815484
2933		0.815547
2934		0.815610
2935		0.815673
2936		0.815736
2937		0.815798
2938		0.815861
2939		0.815924
2940		0.815986
2941		0.816049
2942		0.816111
2943		0.816174
2944		0.816236
2945		0.816299
2946		0.816361
2947		0.816423
2948		0.816486
2949		0.816548
2950		0.816610
2951		0.816333
2952		0.816396
2953		0.816458
2954		0.816520
2955		0.816582
2956		0.816644
2957		0.816368
2958		0.816430
2959		0.816492
2960		0.816554
2961		0.816616
2962		0.816678
2963		0.816740
2964		0.816802
2965		0.816863
2966		0.816925
2967		0.816987
2968		0.817049
2969		0.817110
2970		0.817172
2971		0.817233
2972		0.816958
2973		0.817020
2974		0.817081
2975		0.816807
2976		0.816868
2977		0.816930
2978		0.816991
2979		0.817053
2980		0.817114
2981		0.816840
2982		0.816566
2983		0.816628
2984		0.816689
2985		0.816750
2986		0.816812
2987		0.816873
2988		0.816600
2989		0.816661
2990		0.816722
2991		0.816784
2992		0.816845
2993		0.816906
2994		0.816967
2995		0.817028
2996		0.817089
2997		0.817150
2998		0.817211
2999		0.816939
3000		0.817000
3001		0.816728
3002		0.816789
3003		0.816850
3004		0.816911
3005		0.816972
3006		0.817033
3007		0.817093
3008		0.817154
3009		0.817215
3010		0.817276
3011		0.817336
3012		0.817065
3013		0.816794
3014		0.816855
3015		0.816584
3016		0.816645
3017		0.816705
3018		0.816766
3019		0.816496
3020		0.816556
3021		0.816617
3022		0.816347
3023		0.816408
3024		0.816468
3025		0.816529
3026		0.816590
3027		0.816650
3028		0.816711
3029		0.816441
3030		0.816502
3031		0.816562
3032		0.816623
3033		0.816683
3034		0.816744
3035		0.816804
3036		0.816864
3037		0.816595
3038		0.816327
3039		0.816387
3040		0.816118
3041		0.816179
3042		0.816239
3043		0.816300
3044		0.816360
3045		0.816092
3046		0.815824
3047		0.815884
3048		0.815945
3049		0.815677
3050		0.815738
3051		0.815798
3052		0.815531
3053		0.815591
3054		0.815652
3055		0.815712
3056		0.815772
3057		0.815505
3058		0.815566
3059		0.815626
3060		0.815686
3061		0.815746
3062		0.815807
3063		0.815867
3064		0.815601
3065		0.815661
3066		0.815721
3067		0.815781
3068		0.815841
3069		0.815575
3070		0.815635
3071		0.815695
3072		0.815755
3073		0.815815
3074		0.815550
3075		0.815610
3076		0.815670
3077		0.815730
3078		0.815465
3079		0.815525
3080		0.815584
3081		0.815320
3082		0.815380
3083		0.815115
3084		0.815175
3085		0.815235
3086		0.815295
3087		0.815355
3088		0.815091
3089		0.815151
3090		0.815210
3091		0.815270
3092		0.815330
3093		0.815390
3094		0.815449
3095		0.815509
3096		0.815568
3097		0.815305
3098		0.815365
3099		0.815424
3100		0.815484
3101		0.815543
3102		0.815603
3103		0.815662
3104		0.815399
3105		0.815459
3106		0.815196
3107		0.815256
3108		0.815315
3109		0.815375
3110		0.815113
3111		0.814851
3112		0.814910
3113		0.814969
3114		0.815029
3115		0.815088
3116		0.814827
3117		0.814886
3118		0.814945
3119		0.814684
3120		0.814744
3121		0.814803
3122		0.814542
3123		0.814601
3124		0.814661
3125		0.814720
3126		0.814779
3127		0.814839
3128		0.814898
3129		0.814957
3130		0.815016
3131		0.815075
3132		0.815134
3133		0.815193
3134		0.815252
3135		0.815311
3136		0.815370
3137		0.815429
3138		0.815488
3139		0.815546
3140		0.815605
3141		0.815664
3142		0.815722
3143		0.815781
3144		0.815840
3145		0.815898
3146		0.815957
3147		0.816015
3148		0.816074
3149		0.816132
3150		0.816190
3151		0.816249
3152		0.816307
3153		0.816365
3154		0.816424
3155		0.816165
3156		0.816223
3157		0.816281
3158		0.816339
3159		0.816398
3160		0.816456
3161		0.816514
3162		0.816256
3163		0.816314
3164		0.816372
3165		0.816114
3166		0.816172
3167		0.815914
3168		0.815657
3169		0.815715
3170		0.815457
3171		0.815200
3172		0.814943
3173		0.814686
3174		0.814745
3175		0.814488
3176		0.814547
3177		0.814605
3178		0.814663
3179		0.814722
3180		0.814780
3181		0.814838
3182		0.814582
3183		0.814640
3184		0.814698
3185		0.814757
3186		0.814501
3187		0.814559
3188		0.814617
3189		0.814362
3190		0.814107
3191		0.814165
3192		0.813910
3193		0.813655
3194		0.813713
3195		0.813772
3196		0.813830
3197		0.813888
3198		0.813946
3199		0.814004
3200		0.814063
3201		0.814121
3202		0.814179
3203		0.813924
3204		0.813983
3205		0.814041
3206		0.814099
3207		0.813845
3208		0.813591
3209		0.813649
3210		0.813707
3211		0.813454
3212		0.813512
3213		0.813570
3214		0.813628
3215		0.813375
3216		0.813433
3217		0.813491
3218		0.813549
3219		0.813607
3220		0.813665
3221		0.813722
3222		0.813780
3223		0.813838
3224		0.813586
3225		0.813643
3226		0.813701
3227		0.813759
3228		0.813507
3229		0.813565
3230		0.813622
3231		0.813680
3232		0.813738
3233		0.813795
3234		0.813853
3235		0.813910
3236		0.813968
3237		0.813716
3238		0.813774
3239		0.813831
3240		0.813889
3241		0.813946
3242		0.814004
3243		0.814061
3244		0.814118
3245		0.814176
3246		0.813925
3247		0.813674
3248		0.813732
3249		0.813481
3250		0.813538
3251		0.813596
3252		0.813653
3253		0.813710
3254		0.813768
3255		0.813825
3256		0.813882
3257		0.813939
3258		0.813996
3259		0.814053
3260		0.814110
3261		0.813861
3262		0.813918
3263		0.813975
3264		0.814032
3265		0.813783
3266		0.813840
3267		0.813897
3268		0.813953
3269		0.814010
3270		0.814067
3271		0.814124
3272		0.814181
3273		0.814238
3274		0.814294
3275		0.814351
3276		0.814408
3277		0.814464
3278		0.814521
3279		0.814578
3280		0.814634
3281		0.814691
3282		0.814442
3283		0.814194
3284		0.814251
3285		0.814307
3286		0.814364
3287		0.814420
3288		0.814173
3289		0.814229
3290		0.813982
3291		0.814038
3292		0.814095
3293		0.814151
3294		0.814208
3295		0.814264
3296		0.814320
3297		0.814377
3298		0.814433
3299		0.814489
3300		0.814545
3301		0.814602
3302		0.814355
3303		0.814411
3304		0.814467
3305		0.814523
3306		0.814580
3307		0.814636
3308		0.814692
3309		0.814748
3310		0.814804
3311		0.814860
3312		0.814915
3313		0.814971
3314		0.815027
3315		0.815083
3316		0.815139
3317		0.815194
3318		0.815250
3319		0.815306
3320		0.815060
3321		0.814815
3322		0.814871
3323		0.814926
3324		0.814982
3325		0.815038
3326		0.815093
3327		0.815149
3328		0.815204
3329		0.815260
3330		0.815015
3331		0.815071
3332		0.815126
3333		0.815182
3334		0.815237
3335		0.815292
3336		0.815348
3337		0.815403
3338		0.815458
3339		0.815514
3340		0.815569
3341		0.815325
3342		0.815380
3343		0.815435
3344		0.815191
3345		0.815247
3346		0.815302
3347		0.815357
3348		0.815412
3349		0.815467
3350		0.815224
3351		0.815279
3352		0.815334
3353		0.815389
3354		0.815444
3355		0.815201
3356		0.814958
3357		0.815013
3358		0.815068
3359		0.815124
3360		0.815179
3361		0.815234
3362		0.814991
3363		0.814749
3364		0.814507
3365		0.814562
3366		0.814617
3367		0.814672
3368		0.814430
3369		0.814188
3370		0.814243
3371		0.814298
3372		0.814353
3373		0.814112
3374		0.814167
3375		0.814222
3376		0.814277
3377		0.814332
3378		0.814387
3379		0.814442
3380		0.814497
3381		0.814552
3382		0.814607
3383		0.814662
3384		0.814716
3385		0.814771
3386		0.814826
3387		0.814880
3388		0.814935
3389		0.814990
3390		0.815044
3391		0.815099
3392		0.814858
3393		0.814913
3394		0.814968
3395		0.815022
3396		0.815077
3397		0.815131
3398		0.814891
3399		0.814946
3400		0.815000
3401		0.815054
3402		0.815109
3403		0.815163
3404		0.815217
3405		0.815272
3406		0.815326
3407		0.815380
3408		0.815434
3409		0.815488
3410		0.815543
3411		0.815597
3412		0.815651
3413		0.815705
3414		0.815759
3415		0.815813
3416		0.815867
3417		0.815920
3418		0.815974
3419		0.816028
3420		0.815789
3421		0.815843
3422		0.815897
3423		0.815951
3424		0.816005
3425		0.816058
3426		0.815820
3427		0.815874
3428		0.815636
3429		0.815690
3430		0.815743
3431		0.815506
3432		0.815268
3433		0.815322
3434		0.815376
3435		0.815429
3436		0.815483
3437		0.815537
3438		0.815590
3439		0.815644
3440		0.815407
3441		0.815170
3442		0.815224
3443		0.815277
3444		0.815331
3445		0.815385
3446		0.815438
3447		0.815492
3448		0.815545
3449		0.815599
3450		0.815652
3451		0.815706
3452		0.815759
3453		0.815812
3454		0.815866
3455		0.815919
3456		0.815972
3457		0.816025
3458		0.816079
3459		0.816132
3460		0.816185
3461		0.816238
3462		0.816291
3463		0.816055
3464		0.816109
3465		0.816162
3466		0.816215
3467		0.816268
3468		0.816321
3469		0.816085
3470		0.816138
3471		0.816191
3472		0.816244
3473		0.816297
3474		0.816350
3475		0.816403
3476		0.816456
3477		0.816508
3478		0.816274
3479		0.816327
3480		0.816379
3481		0.816432
3482		0.816485
3483		0.816537
3484		0.816303
3485		0.816356
3486		0.816408
3487		0.816461
3488		0.816514
3489		0.816566
3490		0.816332
3491		0.816385
3492		0.816151
3493		0.815918
3494		0.815970
3495		0.816023
3496		0.816076
3497		0.816128
3498		0.815895
3499		0.815947
3500		0.816000
3501		0.816053
3502		0.816105
3503		0.816158
3504		0.816210
3505		0.816262
3506		0.816315
3507		0.816367
3508		0.816420
3509		0.816472
3510		0.816524
3511		0.816576
3512		0.816629
3513		0.816681
3514		0.816733
3515		0.816785
3516		0.816837
3517		0.816889
3518		0.816941
3519		0.816993
3520		0.817045
3521		0.816813
3522		0.816865
3523		0.816917
3524		0.816969
3525		0.817021
3526		0.817073
3527		0.817125
3528		0.817177
3529		0.817229
3530		0.817280
3531		0.817332
3532		0.817384
3533		0.817436
3534		0.817204
3535		0.817256
3536		0.817308
3537		0.817359
3538		0.817411
3539		0.817463
3540		0.817514
3541		0.817283
3542		0.817053
3543		0.817104
3544		0.817156
3545		0.817207
3546		0.816977
3547		0.817028
3548		0.817080
3549		0.817132
3550		0.816901
3551		0.816953
3552		0.817005
3553		0.817056
3554		0.817107
3555		0.817159
3556		0.817210
3557		0.817262
3558		0.817313
3559		0.817364
3560		0.817416
3561		0.817467
3562		0.817238
3563		0.817289
3564		0.817340
3565		0.817111
3566		0.817162
3567		0.817213
3568		0.817265
3569		0.817316
3570		0.817367
3571		0.817418
3572		0.817469
3573		0.817520
3574		0.817571
3575		0.817622
3576		0.817673
3577		0.817724
3578		0.817775
3579		0.817826
3580		0.817877
3581		0.817928
3582		0.817979
3583		0.817750
3584		0.817522
3585		0.817294
3586		0.817345
3587		0.817117
3588		0.817168
3589		0.817219
3590		0.817270
3591		0.817043
3592		0.817094
3593		0.816866
3594		0.816639
3595		0.816690
3596		0.816463
3597		0.816514
3598		0.816287
3599		0.816338
3600		0.816389
3601		0.816440
3602		0.816491
3603		0.816542
3604		0.816593
3605		0.816644
3606		0.816694
3607		0.816468
3608		0.816519
3609		0.816570
3610		0.816620
3611		0.816671
3612		0.816722
3613		0.816496
3614		0.816270
3615		0.816321
3616		0.816372
3617		0.816146
3618		0.816197
3619		0.815971
3620		0.816022
3621		0.816073
3622		0.816124
3623		0.815898
3624		0.815673
3625		0.815448
3626		0.815499
3627		0.815550
3628		0.815325
3629		0.815376
3630		0.815427
3631		0.815478
3632		0.815529
3633		0.815579
3634		0.815630
3635		0.815681
3636		0.815732
3637		0.815782
3638		0.815833
3639		0.815883
3640		0.815934
3641		0.815710
3642		0.815486
3643		0.815262
3644		0.815313
3645		0.815364
3646		0.815414
3647		0.815465
3648		0.815515
3649		0.815566
3650		0.815616
3651		0.815667
3652		0.815717
3653		0.815768
3654		0.815818
3655		0.815869
3656		0.815919
3657		0.815696
3658		0.815746
3659		0.815797
3660		0.815574
3661		0.815624
3662		0.815674
3663		0.815725
3664		0.815502
3665		0.815280
3666		0.815057
3667		0.815108
3668		0.814885
3669		0.814936
3670		0.814986
3671		0.815037
3672		0.815087
3673		0.814865
3674		0.814916
3675		0.814694
3676		0.814744
3677		0.814795
3678		0.814845
3679		0.814895
3680		0.814946
3681		0.814996
3682		0.815046
3683		0.815096
3684		0.814875
3685		0.814925
3686		0.814976
3687		0.814755
3688		0.814805
3689		0.814855
3690		0.814905
3691		0.814955
3692		0.815005
3693		0.815056
3694		0.815106
3695		0.815156
3696		0.815206
3697		0.815256
3698		0.815035
3699		0.815085
3700		0.815135
3701		0.815185
3702		0.815235
3703		0.815285
3704		0.815335
3705		0.815385
3706		0.815434
3707		0.815484
3708		0.815534
3709		0.815584
3710		0.815633
3711		0.815683
3712		0.815733
3713		0.815782
3714		0.815563
3715		0.815343
3716		0.815124
3717		0.815174
3718		0.814954
3719		0.814735
3720		0.814516
3721		0.814297
3722		0.814347
3723		0.814128
3724		0.813910
3725		0.813960
3726		0.814010
3727		0.814060
3728		0.814109
3729		0.814159
3730		0.814209
3731		0.814259
3732		0.814309
3733		0.814091
3734		0.813873
3735		0.813922
3736		0.813972
3737		0.814022
3738		0.814072
3739		0.813854
3740		0.813904
3741		0.813686
3742		0.813469
3743		0.813519
3744		0.813568
3745		0.813618
3746		0.813668
3747		0.813451
3748		0.813501
3749		0.813550
3750		0.813600
3751		0.813650
3752		0.813699
3753		0.813749
3754		0.813532
3755		0.813582
3756		0.813632
3757		0.813681
3758		0.813731
3759		0.813780
3760		0.813830
3761		0.813879
3762		0.813929
3763		0.813978
3764		0.814028
3765		0.814077
3766		0.813861
3767		0.813910
3768		0.813960
3769		0.813744
3770		0.813793
3771		0.813842
3772		0.813892
3773		0.813676
3774		0.813725
3775		0.813775
3776		0.813824
3777		0.813873
3778		0.813658
3779		0.813707
3780		0.813757
3781		0.813806
3782		0.813855
3783		0.813904
3784		0.813953
3785		0.814003
3786		0.814052
3787		0.814101
3788		0.813886
3789		0.813671
3790		0.813720
3791		0.813769
3792		0.813819
3793		0.813868
3794		0.813917
3795		0.813966
3796		0.813751
3797		0.813537
3798		0.813586
3799		0.813635
3800		0.813684
3801		0.813733
3802		0.813782
3803		0.813831
3804		0.813880
3805		0.813929
3806		0.813715
3807		0.813764
3808		0.813813
3809		0.813862
3810		0.813911
3811		0.813960
3812		0.814008
3813		0.814057
3814		0.814106
3815		0.814155
3816		0.814203
3817		0.814252
3818		0.814301
3819		0.814349
3820		0.814398
3821		0.814446
3822		0.814495
3823		0.814544
3824		0.814331
3825		0.814379
3826		0.814428
3827		0.814476
3828		0.814263
3829		0.814312
3830		0.814099
3831		0.814148
3832		0.814196
3833		0.813984
3834		0.814032
3835		0.814081
3836		0.814129
3837		0.814178
3838		0.814226
3839		0.814275
3840		0.814323
3841		0.814371
3842		0.814420
3843		0.814468
3844		0.814516
3845		0.814564
3846		0.814613
3847		0.814661
3848		0.814449
3849		0.814497
3850		0.814545
3851		0.814594
3852		0.814382
3853		0.814171
3854		0.814219
3855		0.814267
3856		0.814056
3857		0.814104
3858		0.814152
3859		0.814201
3860		0.814249
3861		0.814297
3862		0.814345
3863		0.814393
3864		0.814441
3865		0.814489
3866		0.814537
3867		0.814585
3868		0.814633
3869		0.814422
3870		0.814470
3871		0.814518
3872		0.814566
3873		0.814614
3874		0.814662
3875		0.814710
3876		0.814499
3877		0.814547
3878		0.814595
3879		0.814643
3880		0.814691
3881		0.814481
3882		0.814529
3883		0.814576
3884		0.814624
3885		0.814672
3886		0.814720
3887		0.814767
3888		0.814815
3889		0.814862
3890		0.814653
3891		0.814701
3892		0.814748
3893		0.814796
3894		0.814843
3895		0.814891
3896		0.814938
3897		0.814986
3898		0.815033
3899		0.815081
3900		0.815128
3901		0.815176
3902		0.814967
3903		0.814758
3904		0.814805
3905		0.814853
3906		0.814900
3907		0.814948
3908		0.814995
3909		0.815042
3910		0.815090
3911		0.815137
3912		0.815184
3913		0.815231
3914		0.815278
3915		0.815326
3916		0.815117
3917		0.815165
3918		0.815212
3919		0.815259
3920		0.815306
3921		0.815098
3922		0.815145
3923		0.815192
3924		0.815240
3925		0.815287
3926		0.815334
3927		0.815381
3928		0.815428
3929		0.815475
3930		0.815522
3931		0.815569
3932		0.815615
3933		0.815662
3934		0.815709
3935		0.815756
3936		0.815803
3937		0.815850
3938		0.815896
3939		0.815943
3940		0.815736
3941		0.815783
3942		0.815830
3943		0.815876
3944		0.815923
3945		0.815970
3946		0.816016
3947		0.816063
3948		0.816109
3949		0.816156
3950		0.816203
3951		0.816249
3952		0.816296
3953		0.816342
3954		0.816388
3955		0.816435
3956		0.816229
3957		0.816275
3958		0.816321
3959		0.816115
3960		0.816162
3961		0.816208
3962		0.816254
3963		0.816301
3964		0.816347
3965		0.816393
3966		0.816440
3967		0.816486
3968		0.816532
3969		0.816327
3970		0.816373
3971		0.816419
3972		0.816465
3973		0.816511
3974		0.816558
3975		0.816604
3976		0.816650
3977		0.816445
3978		0.816491
3979		0.816537
3980		0.816583
3981		0.816629
3982		0.816675
3983		0.816470
3984		0.816516
3985		0.816562
3986		0.816608
3987		0.816654
3988		0.816700
3989		0.816746
3990		0.816541
3991		0.816587
3992		0.816633
3993		0.816679
3994		0.816725
3995		0.816771
3996		0.816817
3997		0.816863
3998		0.816908
3999		0.816704
4000		0.816750
4001		0.816796
4002		0.816842
4003		0.816887
4004		0.816683
4005		0.816729
4006		0.816775
4007		0.816821
4008		0.816866
4009		0.816912
4010		0.816708
4011		0.816505
4012		0.816550
4013		0.816596
4014		0.816642
4015		0.816687
4016		0.816733
4017		0.816779
4018		0.816575
4019		0.816372
4020		0.816418
4021		0.816464
4022		0.816509
4023		0.816306
4024		0.816103
4025		0.816149
4026		0.816195
4027		0.816240
4028		0.816038
4029		0.816083
4030		0.816129
4031		0.816175
4032		0.816220
4033		0.816266
4034		0.816311
4035		0.816357
4036		0.816402
4037		0.816200
4038		0.816246
4039		0.816044
4040		0.816089
4041		0.815887
4042		0.815933
4043		0.815978
4044		0.816024
4045		0.816069
4046		0.816115
4047		0.815913
4048		0.815958
4049		0.816004
4050		0.816049
4051		0.816095
4052		0.816140
4053		0.816186
4054		0.816231
4055		0.816276
4056		0.816075
4057		0.816120
4058		0.816166
4059		0.816211
4060		0.816010
4061		0.816055
4062		0.816100
4063		0.816146
4064		0.816191
4065		0.816236
4066		0.816281
4067		0.816327
4068		0.816372
4069		0.816171
4070		0.816216
4071		0.816261
4072		0.816306
4073		0.816352
4074		0.816397
4075		0.816442
4076		0.816487
4077		0.816286
4078		0.816332
4079		0.816131
4080		0.816176
4081		0.816222
4082		0.816267
4083		0.816312
4084		0.816357
4085		0.816401
4086		0.816446
4087		0.816247
4088		0.816047
4089		0.816092
4090		0.816137
4091		0.815937
4092		0.815982
4093		0.816027
4094		0.815828
4095		0.815873
4096		0.815674
4097		0.815475
4098		0.815520
4099		0.815565
4100		0.815366
4101		0.815411
4102		0.815456
4103		0.815501
4104		0.815546
4105		0.815591
4106		0.815636
4107		0.815681
4108		0.815725
4109		0.815770
4110		0.815815
4111		0.815860
4112		0.815905
4113		0.815949
4114		0.815994
4115		0.816039
4116		0.815841
4117		0.815885
4118		0.815930
4119		0.815975
4120		0.816019
4121		0.816064
4122		0.816109
4123		0.816153
4124		0.816198
4125		0.816242
4126		0.816287
4127		0.816331
4128		0.816376
4129		0.816420
4130		0.816465
4131		0.816267
4132		0.816312
4133		0.816356
4134		0.816401
4135		0.816445
4136		0.816489
4137		0.816534
4138		0.816578
4139		0.816622
4140		0.816425
4141		0.816469
4142		0.816272
4143		0.816075
4144		0.816120
4145		0.816164
4146		0.816208
4147		0.816253
4148		0.816297
4149		0.816341
4150		0.816145
4151		0.816189
4152		0.815992
4153		0.816037
4154		0.816081
4155		0.816125
4156		0.816169
4157		0.816214
4158		0.816258
4159		0.816302
4160		0.816346
4161		0.816390
4162		0.816434
4163		0.816479
4164		0.816523
4165		0.816567
4166		0.816611
4167		0.816415
4168		0.816459
4169		0.816263
4170		0.816307
4171		0.816351
4172		0.816155
4173		0.816199
4174		0.816243
4175		0.816287
4176		0.816331
4177		0.816375
4178		0.816419
4179		0.816463
4180		0.816507
4181		0.816551
4182		0.816595
4183		0.816639
4184		0.816683
4185		0.816726
4186		0.816770
4187		0.816575
4188		0.816619
4189		0.816663
4190		0.816706
4191		0.816750
4192		0.816794
4193		0.816838
4194		0.816881
4195		0.816687
4196		0.816730
4197		0.816774
4198		0.816579
4199		0.816623
4200		0.816667
4201		0.816710
4202		0.816754
4203		0.816798
4204		0.816841
4205		0.816885
4206		0.816928
4207		0.816972
4208		0.817015
4209		0.817059
4210		0.817102
4211		0.817146
4212		0.817189
4213		0.816995
4214		0.817038
4215		0.816845
4216		0.816651
4217		0.816694
4218		0.816738
4219		0.816544
4220		0.816588
4221		0.816631
4222		0.816675
4223		0.816718
4224		0.816761
4225		0.816568
4226		0.816611
4227		0.816418
4228		0.816462
4229		0.816269
4230		0.816312
4231		0.816355
4232		0.816399
4233		0.816206
4234		0.816013
4235		0.816057
4236		0.816100
4237		0.816143
4238		0.816187
4239		0.816230
4240		0.816274
4241		0.816317
4242		0.816124
4243		0.816168
4244		0.816211
4245		0.816254
4246		0.816062
4247		0.815870
4248		0.815913
4249		0.815957
4250		0.816000
4251		0.815808
4252		0.815851
4253		0.815895
4254		0.815938
4255		0.815981
4256		0.816024
4257		0.816068
4258		0.816111
4259		0.816154
4260		0.816197
4261		0.816240
4262		0.816283
4263		0.816327
4264		0.816135
4265		0.816178
4266		0.816221
4267		0.816264
4268		0.816307
4269		0.816350
4270		0.816393
4271		0.816436
4272		0.816479
4273		0.816522
4274		0.816565
4275		0.816608
4276		0.816651
4277		0.816694
4278		0.816503
4279		0.816546
4280		0.816589
4281		0.816632
4282		0.816674
4283		0.816717
4284		0.816760
4285		0.816803
4286		0.816846
4287		0.816888
4288		0.816698
4289		0.816740
4290		0.816783
4291		0.816826
4292		0.816869
4293		0.816678
4294		0.816721
4295		0.816531
4296		0.816574
4297		0.816384
4298		0.816426
4299		0.816236
4300		0.816279
4301		0.816322
4302		0.816364
4303		0.816407
4304		0.816450
4305		0.816492
4306		0.816535
4307		0.816345
4308		0.816388
4309		0.816431
4310		0.816241
4311		0.816284
4312		0.816095
4313		0.815905
4314		0.815948
4315		0.815991
4316		0.816033
4317		0.815844
4318		0.815887
4319		0.815698
4320		0.815741
4321		0.815783
4322		0.815826
4323		0.815869
4324		0.815911
4325		0.815723
4326		0.815765
4327		0.815808
4328		0.815619
4329		0.815662
4330		0.815704
4331		0.815747
4332		0.815789
4333		0.815832
4334		0.815874
4335		0.815917
4336		0.815959
4337		0.816002
4338		0.816044
4339		0.816087
4340		0.816129
4341		0.815941
4342		0.815983
4343		0.816026
4344		0.816068
4345		0.816110
4346		0.816153
4347		0.815965
4348		0.816007
4349		0.816050
4350		0.816092
4351		0.816134
4352		0.816176
4353		0.815989
4354		0.816031
4355		0.816073
4356		0.816116
4357		0.815928
4358		0.815971
4359		0.815783
4360		0.815826
4361		0.815868
4362		0.815910
4363		0.815723
4364		0.815536
4365		0.815578
4366		0.815621
4367		0.815434
4368		0.815247
4369		0.815290
4370		0.815332
4371		0.815374
4372		0.815416
4373		0.815458
4374		0.815501
4375		0.815543
4376		0.815585
4377		0.815627
4378		0.815669
4379		0.815483
4380		0.815525
4381		0.815339
4382		0.815381
4383		0.815195
4384		0.815009
4385		0.814823
4386		0.814865
4387		0.814908
4388		0.814950
4389		0.814992
4390		0.815034
4391		0.814849
4392		0.814891
4393		0.814933
4394		0.814747
4395		0.814790
4396		0.814832
4397		0.814874
4398		0.814916
4399		0.814731
4400		0.814773
4401		0.814815
4402		0.814630
4403		0.814672
4404		0.814487
4405		0.814529
4406		0.814571
4407		0.814613
4408		0.814655
4409		0.814697
4410		0.814739
4411		0.814781
4412		0.814823
4413		0.814865
4414		0.814907
4415		0.814949
4416		0.814991
4417		0.815033
4418		0.815075
4419		0.815117
4420		0.815158
4421		0.814974
4422		0.815016
4423		0.815058
4424		0.815099
4425		0.815141
4426		0.815183
4427		0.815225
4428		0.815266
4429		0.815308
4430		0.815350
4431		0.815392
4432		0.815433
4433		0.815249
4434		0.815291
4435		0.815107
4436		0.814923
4437		0.814965
4438		0.815007
4439		0.815048
4440		0.815090
4441		0.815132
4442		0.815173
4443		0.815215
4444		0.815032
4445		0.815073
4446		0.814890
4447		0.814931
4448		0.814973
4449		0.815015
4450		0.815056
4451		0.814873
4452		0.814915
4453		0.814956
4454		0.814773
4455		0.814815
4456		0.814856
4457		0.814898
4458		0.814715
4459		0.814757
4460		0.814798
4461		0.814840
4462		0.814657
4463		0.814699
4464		0.814516
4465		0.814558
4466		0.814599
4467		0.814641
4468		0.814682
4469		0.814724
4470		0.814765
4471		0.814807
4472		0.814848
4473		0.814889
4474		0.814931
4475		0.814972
4476		0.815013
4477		0.814831
4478		0.814873
4479		0.814914
4480		0.814955
4481		0.814997
4482		0.814815
4483		0.814856
4484		0.814674
4485		0.814716
4486		0.814757
4487		0.814798
4488		0.814840
4489		0.814881
4490		0.814922
4491		0.814963
4492		0.815004
4493		0.815046
4494		0.815087
4495		0.815128
4496		0.815169
4497		0.815210
4498		0.815251
4499		0.815292
4500		0.815333
4501		0.815374
4502		0.815415
4503		0.815456
4504		0.815497
4505		0.815538
4506		0.815579
4507		0.815620
4508		0.815439
4509		0.815258
4510		0.815299
4511		0.815340
4512		0.815381
4513		0.815422
4514		0.815463
4515		0.815282
4516		0.815323
4517		0.815364
4518		0.815405
4519		0.815446
4520		0.815487
4521		0.815528
4522		0.815568
4523		0.815609
4524		0.815650
4525		0.815470
4526		0.815510
4527		0.815551
4528		0.815592
4529		0.815412
4530		0.815453
4531		0.815273
4532		0.815313
4533		0.815354
4534		0.815395
4535		0.815436
4536		0.815476
4537		0.815517
4538		0.815558
4539		0.815598
4540		0.815639
4541		0.815679
4542		0.815720
4543		0.815761
4544		0.815581
4545		0.815402
4546		0.815442
4547		0.815483
4548		0.815523
4549		0.815564
4550		0.815604
4551		0.815645
4552		0.815466
4553		0.815506
4554		0.815547
4555		0.815368
4556		0.815408
4557		0.815449
4558		0.815489
4559		0.815530
4560		0.815570
4561		0.815611
4562		0.815651
4563		0.815691
4564		0.815732
4565		0.815772
4566		0.815813
4567		0.815853
4568		0.815893
4569		0.815715
4570		0.815755
4571		0.815795
4572		0.815836
4573		0.815876
4574		0.815916
4575		0.815956
4576		0.815997
4577		0.816037
4578		0.816077
4579		0.815899
4580		0.815939
4581		0.815979
4582		0.816019
4583		0.816059
4584		0.816099
4585		0.816140
4586		0.816180
4587		0.816220
4588		0.816260
4589		0.816300
4590		0.816340
4591		0.816380
4592		0.816202
4593		0.816242
4594		0.816064
4595		0.816104
4596		0.816144
4597		0.815967
4598		0.816007
4599		0.816047
4600		0.816087
4601		0.815910
4602		0.815950
4603		0.815990
4604		0.816030
4605		0.815852
4606		0.815892
4607		0.815715
4608		0.815755
4609		0.815795
4610		0.815618
4611		0.815441
4612		0.815481
4613		0.815521
4614		0.815561
4615		0.815601
4616		0.815641
4617		0.815681
4618		0.815721
4619		0.815544
4620		0.815584
4621		0.815624
4622		0.815664
4623		0.815704
4624		0.815744
4625		0.815784
4626		0.815824
4627		0.815863
4628		0.815903
4629		0.815943
4630		0.815983
4631		0.816022
4632		0.816062
4633		0.816102
4634		0.816142
4635		0.816181
4636		0.816221
4637		0.816261
4638		0.816300
4639		0.816340
4640		0.816379
4641		0.816419
4642		0.816458
4643		0.816498
4644		0.816537
4645		0.816362
4646		0.816401
4647		0.816441
4648		0.816480
4649		0.816520
4650		0.816559
4651		0.816599
4652		0.816638
4653		0.816677
4654		0.816717
4655		0.816756
4656		0.816796
4657		0.816620
4658		0.816445
4659		0.816484
4660		0.816524
4661		0.816348
4662		0.816388
4663		0.816427
4664		0.816467
4665		0.816506
4666		0.816545
4667		0.816585
4668		0.816624
4669		0.816449
4670		0.816488
4671		0.816528
4672		0.816567
4673		0.816606
4674		0.816645
4675		0.816471
4676		0.816510
4677		0.816549
4678		0.816588
4679		0.816627
4680		0.816667
4681		0.816706
4682		0.816745
4683		0.816784
4684		0.816610
4685		0.816649
4686		0.816688
4687		0.816727
4688		0.816766
4689		0.816805
4690		0.816844
4691		0.816883
4692		0.816922
4693		0.816748
4694		0.816787
4695		0.816826
4696		0.816865
4697		0.816904
4698		0.816943
4699		0.816982
4700		0.817021
4701		0.817060
4702		0.817099
4703		0.817138
4704		0.817177
4705		0.817216
4706		0.817255
4707		0.817293
4708		0.817332
4709		0.817371
4710		0.817197
4711		0.817236
4712		0.817275
4713		0.817314
4714		0.817353
4715		0.817391
4716		0.817430
4717		0.817469
4718		0.817507
4719		0.817546
4720		0.817585
4721		0.817623
4722		0.817662
4723		0.817701
4724		0.817739
4725		0.817778
4726		0.817816
4727		0.817855
4728		0.817893
4729		0.817932
4730		0.817970
4731		0.818009
4732		0.818047
4733		0.818086
4734		0.818124
4735		0.818163
4736		0.818201
4737		0.818028
4738		0.818067
4739		0.818105
4740		0.818143
4741		0.818182
4742		0.818009
4743		0.818048
4744		0.818086
4745		0.818124
4746		0.818163
4747		0.818201
4748		0.818239
4749		0.818067
4750		0.818105
4751		0.818144
4752		0.818182
4753		0.818220
4754		0.818258
4755		0.818297
4756		0.818335
4757		0.818373
4758		0.818411
4759		0.818449
4760		0.818487
4761		0.818526
4762		0.818354
4763		0.818392
4764		0.818430
4765		0.818258
4766		0.818296
4767		0.818334
4768		0.818163
4769		0.818201
4770		0.818029
4771		0.818067
4772		0.817896
4773		0.817934
4774		0.817972
4775		0.818010
4776		0.818049
4777		0.818087
4778		0.817915
4779		0.817954
4780		0.817992
4781		0.818030
4782		0.817859
4783		0.817897
4784		0.817935
4785		0.817973
4786		0.818011
4787		0.818049
4788		0.818087
4789		0.818125
4790		0.818163
4791		0.818201
4792		0.818239
4793		0.818068
4794		0.818106
4795		0.817935
4796		0.817973
4797		0.818011
4798		0.818049
4799		0.818087
4800		0.818125
4801		0.818163
4802		0.818201
4803		0.818030
4804		0.818068
4805		0.818106
4806		0.817936
4807		0.817974
4808		0.817804
4809		0.817842
4810		0.817879
4811		0.817709
4812		0.817747
4813		0.817785
4814		0.817823
4815		0.817861
4816		0.817899
4817		0.817936
4818		0.817974
4819		0.817805
4820		0.817635
4821		0.817673
4822		0.817710
4823		0.817748
4824		0.817786
4825		0.817824
4826		0.817862
4827		0.817899
4828		0.817937
4829		0.817975
4830		0.818012
4831		0.817843
4832		0.817881
4833		0.817918
4834		0.817956
4835		0.817787
4836		0.817618
4837		0.817656
4838		0.817693
4839		0.817731
4840		0.817769
4841		0.817806
4842		0.817844
4843		0.817675
4844		0.817713
4845		0.817750
4846		0.817788
4847		0.817825
4848		0.817863
4849		0.817901
4850		0.817938
4851		0.817976
4852		0.818013
4853		0.818051
4854		0.818088
4855		0.818126
4856		0.818163
4857		0.817995
4858		0.818032
4859		0.817864
4860		0.817901
4861		0.817939
4862		0.817770
4863		0.817808
4864		0.817640
4865		0.817677
4866		0.817715
4867		0.817752
4868		0.817790
4869		0.817827
4870		0.817864
4871		0.817902
4872		0.817939
4873		0.817977
4874		0.818014
4875		0.818051
4876		0.818089
4877		0.818126
4878		0.818163
4879		0.818200
4880		0.818238
4881		0.818275
4882		0.818312
4883		0.818349
4884		0.818387
4885		0.818219
4886		0.818256
4887		0.818293
4888		0.818331
4889		0.818368
4890		0.818405
4891		0.818442
4892		0.818479
4893		0.818516
4894		0.818553
4895		0.818590
4896		0.818627
4897		0.818664
4898		0.818702
4899		0.818739
4900		0.818776
4901		0.818812
4902		0.818849
4903		0.818886
4904		0.818923
4905		0.818960
4906		0.818997
4907		0.819034
4908		0.819071
4909		0.818904
4910		0.818941
4911		0.818978
4912		0.819015
4913		0.818848
4914		0.818885
4915		0.818922
4916		0.818959
4917		0.818995
4918		0.819032
4919		0.819069
4920		0.819106
4921		0.819142
4922		0.819179
4923		0.819216
4924		0.819253
4925		0.819289
4926		0.819326
4927		0.819363
4928		0.819196
4929		0.819030
4930		0.819067
4931		0.819104
4932		0.818938
4933		0.818974
4934		0.818808
4935		0.818642
4936		0.818679
4937		0.818716
4938		0.818753
4939		0.818789
4940		0.818826
4941		0.818863
4942		0.818697
4943		0.818734
4944		0.818770
4945		0.818807
4946		0.818844
4947		0.818880
4948		0.818917
4949		0.818953
4950		0.818990
4951		0.819026
4952		0.819063
4953		0.819100
4954		0.819136
4955		0.819173
4956		0.819209
4957		0.819246
4958		0.819282
4959		0.819318
4960		0.819355
4961		0.819391
4962		0.819428
4963		0.819464
4964		0.819500
4965		0.819537
4966		0.819573
4967		0.819609
4968		0.819646
4969		0.819682
4970		0.819718
4971		0.819755
4972		0.819791
4973		0.819827
4974		0.819863
4975		0.819899
4976		0.819936
4977		0.819972
4978		0.820008
4979		0.820044
4980		0.820080
4981		0.820116
4982		0.820153
4983		0.820189
4984		0.820225
4985		0.820261
4986		0.820297
4987		0.820333
4988		0.820369
4989		0.820405
4990		0.820240
4991		0.820076
4992		0.819912
4993		0.819748
4994		0.819784
4995		0.819820
4996		0.819856
4997		0.819892
4998		0.819928
4999		0.819964
5000		0.819800
5000		0.819800
